
> print(result_list_estimates)
$`N_max=6`
     estimates         se
[1,] 54.656697 1.52943872
[2,] 33.563937 1.36265832
[3,]  8.087565 0.48249468
[4,]  4.239566 0.32671104
[5,]  2.512697 0.26030221
[6,]  1.635421 0.21547818
[7,]  1.390976 0.04623477

$`N_max=7`
     estimates         se
[1,] 55.341989 1.53283865
[2,] 33.828154 1.36890408
[3,]  8.098677 0.48322762
[4,]  4.210415 0.32486796
[5,]  2.469629 0.25656818
[6,]  1.573857 0.20852975
[7,]  1.411183 0.20174970
[8,]  1.427598 0.04602011

$`N_max=8`
       estimates         se
 [1,] 55.5085857 1.53116646
 [2,] 33.8937036 1.36986363
 [3,]  8.1036033 0.48348463
 [4,]  4.2068315 0.32463338
 [5,]  2.4626700 0.25593924
 [6,]  1.5632184 0.20724960
 [7,]  1.3943233 0.19953831
 [8,]  0.8081902 0.16150755
 [9,]  1.4365662 0.04575731

$`N_max=9`
       estimates         se
 [1,] 55.7253796 1.53211169
 [2,] 33.9896405 1.37205751
 [3,]  8.1176093 0.48420512
 [4,]  4.2058102 0.32457059
 [5,]  2.4570103 0.25543730
 [6,]  1.5542874 0.20619431
 [7,]  1.3785546 0.19752931
 [8,]  0.7927213 0.15868137
 [9,]  0.9319345 0.17630875
[10,]  1.4475166 0.04564511

$`N_max=10`
       estimates         se
 [1,] 55.9127531 1.53430065
 [2,] 34.0769089 1.37435921
 [3,]  8.1259475 0.48466269
 [4,]  4.2071243 0.32465614
 [5,]  2.4528448 0.25507185
 [6,]  1.5488376 0.20555846
 [7,]  1.3670069 0.19607790
 [8,]  0.7819782 0.15674127
 [9,]  0.9106795 0.17285856
[10,]  0.4915351 0.13726642
[11,]  1.4571553 0.04565656


> sink()
