
> print(result_list_thresholds)
$`N_max=6`
        S_N s_N=S_N /N s_{N+1}/s_N (ratio) 
[1,]  25449      25449             1.295611
[2,]  65945      32972             1.081251
[3,] 106955      35651             1.112760
[4,] 158685      39671             1.121474
[5,] 222451      44490             1.128478
[6,] 301239      50206                   NA

$`N_max=7`
        S_N s_N=S_N /N s_{N+1}/s_N (ratio) 
[1,]  25795      25795             1.286218
[2,]  66357      33178             1.069142
[3,] 106416      35472             1.093059
[4,] 155093      38773             1.093338
[5,] 211963      42392             1.087446
[6,] 276599      46099             1.179700
[7,] 380685      54383                   NA

$`N_max=8`
        S_N s_N=S_N /N s_{N+1}/s_N (ratio) 
[1,]  25880      25880             1.284003
[2,]  66461      33230             1.066536
[3,] 106323      35441             1.089078
[4,] 154395      38598             1.087958
[5,] 209969      41993             1.080132
[6,] 272151      45358             1.164844
[7,] 369845      52835             1.104893
[8,] 467017      58377                   NA

$`N_max=9`
         S_N s_N=S_N /N s_{N+1}/s_N (ratio) 
 [1,]  25975      25975             1.281925
 [2,]  66596      33298             1.064058
 [3,] 106293      35431             1.085123
 [4,] 153789      38447             1.082607
 [5,] 208116      41623             1.073133
 [6,] 268007      44667             1.150917
 [7,] 359857      51408             1.089753
 [8,] 448182      56022             1.249402
 [9,] 629954      69994                   NA

$`N_max=10`
         S_N s_N=S_N /N s_{N+1}/s_N (ratio) 
 [1,]  26061      26061             1.280304
 [2,]  66732      33366             1.061799
 [3,] 106284      35428             1.082054
 [4,] 153340      38335             1.078336
 [5,] 206690      41338             1.067952
 [6,] 264884      44147             1.140576
 [7,] 352473      50353             1.079121
 [8,] 434698      54337             1.220458
 [9,] 596846      66316             1.126877
[10,] 747301      74730                   NA


> sink()
